--- Model Evaluation Details ---
Accuracy: 0.9477333333333333
Log Loss: 0.12045618352481818
ROC AUC (OVR): 0.9967291142857142
Matthews Correlation Coefficient: 0.9446928624015603

Confusion Matrix:
[[ 952   16    6    2    5    0    2    0    0    5    9    1    0    0
     2]
 [   1  999    0    0    0    0    0    0    0    0    0    0    0    0
     0]
 [   0    0 1000    0    0    0    0    0    0    0    0    0    0    0
     0]
 [   0    0    0  991    0    0    0    0    0    0    0    0    0    9
     0]
 [   0    0    0    0  999    0    0    0    0    0    0    0    0    1
     0]
 [   3    0    0    0    0  991    5    0    0    0    0    0    0    1
     0]
 [   0    0    0    1    1    4  992    0    0    0    0    0    0    1
     1]
 [   0    0    0    0    1    0    3  995    0    0    0    1    0    0
     0]
 [   0    0    0    0    0    0    0    0 1000    0    0    0    0    0
     0]
 [   0    0    0    0    0    0    0    0    0 1000    0    0    0    0
     0]
 [   3    0    0    0    0    0    0    0    0    0  997    0    0    0
     0]
 [   0    0    0    0    1    0    0    0    0    0    0  996    0    3
     0]
 [   0    0    0    0    0    0    0    0    0    0    0    0  451   41
   508]
 [   0    0    0    0    0    0    0    0    0    0    0    0    0 1000
     0]
 [   0    0    0    2    3    0    0    0    0    0    2    0  137    3
   853]]

Classification Report:
              precision    recall  f1-score   support

           0       0.99      0.95      0.97      1000
           1       0.98      1.00      0.99      1000
           2       0.99      1.00      1.00      1000
           3       0.99      0.99      0.99      1000
           4       0.99      1.00      0.99      1000
           5       1.00      0.99      0.99      1000
           6       0.99      0.99      0.99      1000
           7       1.00      0.99      1.00      1000
           8       1.00      1.00      1.00      1000
           9       1.00      1.00      1.00      1000
          10       0.99      1.00      0.99      1000
          11       1.00      1.00      1.00      1000
          12       0.77      0.45      0.57      1000
          13       0.94      1.00      0.97      1000
          14       0.63      0.85      0.72      1000

    accuracy                           0.95     15000
   macro avg       0.95      0.95      0.95     15000
weighted avg       0.95      0.95      0.95     15000
